time/s      E/V        I/A
0.00000E+00 -2.00000E-01 -2.17476E-07 -1.99998E-01
6.66667E-04 -1.98000E-01 1.87119E-05  -1.98287E-01
1.33333E-03 -1.96000E-01 3.15006E-05  -1.96577E-01
2.00000E-03 -1.94000E-01 4.04362E-05  -1.94401E-01
2.66667E-03 -1.92000E-01 4.65178E-05  -1.91525E-01
3.33333E-03 -1.90000E-01 5.16874E-05  -1.90359E-01
4.00000E-03 -1.88000E-01 5.54378E-05  -1.87949E-01
4.66667E-03 -1.86000E-01 5.86187E-05  -1.85539E-01
5.33333E-03 -1.84000E-01 6.09218E-05  -1.83518E-01
6.00000E-03 -1.82000E-01 6.29666E-05  -1.81808E-01
6.66667E-03 -1.80000E-01 6.46286E-05  -1.80798E-01
7.33333E-03 -1.78000E-01 6.62782E-05  -1.77766E-01
8.00000E-03 -1.76000E-01 6.74827E-05  -1.76289E-01
8.66667E-03 -1.74000E-01 6.87774E-05  -1.73957E-01
9.33333E-03 -1.72000E-01 7.00535E-05  -1.72558E-01
1.00000E-02 -1.70000E-01 7.08503E-05  -1.70148E-01
1.06667E-02 -1.68000E-01 7.16066E-05  -1.67894E-01
1.13333E-02 -1.66000E-01 7.27426E-05  -1.66961E-01
1.20000E-02 -1.64000E-01 7.33433E-05  -1.64396E-01
1.26667E-02 -1.62000E-01 7.40280E-05  -1.62608E-01
1.33333E-02 -1.60000E-01 7.46940E-05  -1.60198E-01
1.40000E-02 -1.58000E-01 7.55499E-05  -1.58877E-01
1.46667E-02 -1.56000E-01 7.60448E-05  -1.55690E-01
1.53333E-02 -1.54000E-01 7.66268E-05  -1.54135E-01
1.60000E-02 -1.52000E-01 7.72555E-05  -1.52503E-01
1.66667E-02 -1.50000E-01 7.78531E-05  -1.50715E-01
1.73333E-02 -1.48000E-01 7.82639E-05  -1.48150E-01
1.80000E-02 -1.46000E-01 7.90046E-05  -1.46673E-01
1.86667E-02 -1.44000E-01 7.92163E-05  -1.43797E-01
1.93333E-02 -1.42000E-01 7.96396E-05  -1.42475E-01
2.00000E-02 -1.40000E-01 8.03461E-05  -1.40532E-01
2.06667E-02 -1.38000E-01 8.08658E-05  -1.38666E-01
2.13333E-02 -1.36000E-01 8.13732E-05  -1.36412E-01
2.20000E-02 -1.34000E-01 8.18400E-05  -1.34547E-01
2.26667E-02 -1.32000E-01 8.23411E-05  -1.32603E-01
2.33333E-02 -1.30000E-01 8.26866E-05  -1.29650E-01
2.40000E-02 -1.28000E-01 8.30040E-05  -1.29261E-01
2.46667E-02 -1.26000E-01 8.34896E-05  -1.26385E-01
2.53333E-02 -1.24000E-01 8.38537E-05  -1.23742E-01
2.60000E-02 -1.22000E-01 8.41743E-05  -1.22809E-01
2.66667E-02 -1.20000E-01 8.47252E-05  -1.19622E-01
2.73333E-02 -1.18000E-01 8.49088E-05  -1.17445E-01
2.80000E-02 -1.16000E-01 8.54908E-05  -1.15891E-01
2.86667E-02 -1.14000E-01 8.59950E-05  -1.14025E-01
2.93333E-02 -1.12000E-01 8.62876E-05  -1.12859E-01
3.00000E-02 -1.10000E-01 8.65895E-05  -1.10216E-01
3.06667E-02 -1.08000E-01 8.69567E-05  -1.08506E-01
3.13333E-02 -1.06000E-01 8.69754E-05  -1.06874E-01
3.20000E-02 -1.04000E-01 8.75170E-05  -1.04775E-01
3.26667E-02 -1.02000E-01 8.73831E-05  -1.02054E-01
3.33333E-02 -1.00000E-01 8.81706E-05  -9.98779E-02
3.40000E-02 -9.80000E-02 8.84662E-05  -9.79346E-02
3.46667E-02 -9.60000E-02 8.87650E-05  -9.58358E-02
3.53333E-02 -9.40000E-02 8.89082E-05  -9.39702E-02
3.60000E-02 -9.20000E-02 8.93906E-05  -9.19492E-02
3.66667E-02 -9.00000E-02 8.95991E-05  -9.05500E-02
3.73333E-02 -8.80000E-02 8.98606E-05  -8.75184E-02
3.80000E-02 -8.60000E-02 9.00660E-05  -8.63524E-02
3.86667E-02 -8.40000E-02 9.05111E-05  -8.45646E-02
3.93333E-02 -8.20000E-02 9.06262E-05  -8.25435E-02
4.00000E-02 -8.00000E-02 9.09873E-05  -7.99006E-02
4.06667E-02 -7.80000E-02 9.11086E-05  -7.78018E-02
4.13333E-02 -7.60000E-02 9.16471E-05  -7.66359E-02
4.20000E-02 -7.40000E-02 9.16907E-05  -7.41484E-02
4.26667E-02 -7.20000E-02 9.22042E-05  -7.22828E-02
4.33333E-02 -7.00000E-02 9.23972E-05  -6.95622E-02
4.40000E-02 -6.80000E-02 9.27893E-05  -6.81630E-02
4.46667E-02 -6.60000E-02 9.30445E-05  -6.66084E-02
4.53333E-02 -6.40000E-02 9.33029E-05  -6.48982E-02
4.60000E-02 -6.20000E-02 9.36981E-05  -6.24108E-02
4.66667E-02 -6.00000E-02 9.38102E-05  -6.03897E-02
4.73333E-02 -5.80000E-02 9.42179E-05  -5.83687E-02
4.80000E-02 -5.60000E-02 9.46723E-05  -5.65808E-02
4.86667E-02 -5.40000E-02 9.46692E-05  -5.45598E-02
4.93333E-02 -5.20000E-02 9.51827E-05  -5.21501E-02
5.00000E-02 -5.00000E-02 9.55157E-05  -5.01290E-02
5.06667E-02 -4.80000E-02 9.56714E-05  -4.84967E-02
5.13333E-02 -4.60000E-02 9.61569E-05  -4.65533E-02
5.20000E-02 -4.40000E-02 9.63094E-05  -4.49987E-02
5.26667E-02 -4.20000E-02 9.66735E-05  -4.27444E-02
5.33333E-02 -4.00000E-02 9.71591E-05  -4.03347E-02
5.40000E-02 -3.80000E-02 9.74143E-05  -3.89355E-02
5.46667E-02 -3.60000E-02 9.78562E-05  -3.55930E-02
5.53333E-02 -3.40000E-02 9.79590E-05  -3.43493E-02
5.60000E-02 -3.20000E-02 9.83636E-05  -3.29501E-02
5.66667E-02 -3.00000E-02 9.89611E-05  -3.00740E-02
5.73333E-02 -2.80000E-02 9.93533E-05  -2.82862E-02
5.80000E-02 -2.60000E-02 9.96241E-05  -2.64983E-02
5.86667E-02 -2.40000E-02 1.00106E-04  -2.37777E-02
5.93333E-02 -2.20000E-02 1.00380E-04  -2.30781E-02
6.00000E-02 -2.00000E-02 1.00962E-04  -2.01242E-02
6.06667E-02 -1.80000E-02 1.01407E-04  -1.77923E-02
6.13333E-02 -1.60000E-02 1.01716E-04  -1.69372E-02
6.20000E-02 -1.40000E-02 1.01865E-04  -1.41388E-02
6.26667E-02 -1.20000E-02 1.02310E-04  -1.28174E-02
6.33333E-02 -9.99999E-03 1.02768E-04  -1.05631E-02
6.40000E-02 -7.99999E-03 1.03035E-04  -9.24168E-03
6.46667E-02 -5.99999E-03 1.03399E-04  -5.89918E-03
6.53333E-02 -3.99999E-03 1.03732E-04  -4.57772E-03
6.60000E-02 -1.99999E-03 1.04426E-04  -6.91092E-04
6.66667E-02 9.49949E-09  1.04710E-04  -7.68824E-04
6.73333E-02 2.00001E-03  1.05145E-04  1.32996E-03 
6.80000E-02 4.00001E-03  1.05541E-04  3.97287E-03 
6.86667E-02 6.00001E-03  1.05911E-04  5.76072E-03 
6.93333E-02 8.00001E-03  1.06353E-04  8.71455E-03 
7.00000E-02 1.00000E-02  1.06907E-04  9.56961E-03 
7.06667E-02 1.20000E-02  1.07249E-04  1.11243E-02 
7.13333E-02 1.40000E-02  1.07570E-04  1.41558E-02 
7.20000E-02 1.60000E-02  1.07962E-04  1.50109E-02 
7.26667E-02 1.80000E-02  1.08289E-04  1.77315E-02 
7.33333E-02 2.00000E-02  1.08746E-04  1.91307E-02 
7.40000E-02 2.20000E-02  1.09145E-04  2.04522E-02 
7.46667E-02 2.40000E-02  1.09951E-04  2.43388E-02 
7.53333E-02 2.60000E-02  1.10225E-04  2.55048E-02 
7.60000E-02 2.80000E-02  1.10604E-04  2.63599E-02 
7.66667E-02 3.00000E-02  1.10925E-04  3.07906E-02 
7.73333E-02 3.20000E-02  1.11454E-04  3.15679E-02 
7.80000E-02 3.40000E-02  1.11672E-04  3.40554E-02 
7.86667E-02 3.60000E-02  1.12285E-04  3.57655E-02 
7.93333E-02 3.80000E-02  1.12643E-04  3.71647E-02 
8.00000E-02 4.00000E-02  1.13088E-04  3.94967E-02 
8.06667E-02 4.20000E-02  1.13571E-04  4.17509E-02 
8.13333E-02 4.40000E-02  1.14025E-04  4.31501E-02 
8.20000E-02 4.60000E-02  1.14669E-04  4.60262E-02 
8.26667E-02 4.80000E-02  1.15211E-04  4.68035E-02 
8.33333E-02 5.00000E-02  1.15519E-04  4.87469E-02 
8.40000E-02 5.20000E-02  1.16132E-04  5.21671E-02 
8.46667E-02 5.40000E-02  1.16649E-04  5.34108E-02 
8.53333E-02 5.60000E-02  1.16907E-04  5.58205E-02 
8.60000E-02 5.80000E-02  1.17517E-04  5.74529E-02 
8.66667E-02 6.00000E-02  1.18027E-04  5.87744E-02 
8.73333E-02 6.20000E-02  1.18575E-04  6.15727E-02 
8.80000E-02 6.40000E-02  1.19023E-04  6.39047E-02 
8.86667E-02 6.60000E-02  1.19546E-04  6.52262E-02 
8.93333E-02 6.80000E-02  1.20013E-04  6.74804E-02 
9.00000E-02 7.00000E-02  1.20704E-04  6.98901E-02 
9.06667E-02 7.20000E-02  1.21078E-04  7.06675E-02 
9.13333E-02 7.40000E-02  1.21990E-04  7.34658E-02 
9.20000E-02 7.60000E-02  1.22018E-04  7.57201E-02 
9.26667E-02 7.80000E-02  1.23088E-04  7.69638E-02 
9.33333E-02 8.00000E-02  1.23620E-04  7.97622E-02 
9.40000E-02 8.20000E-02  1.23907E-04  8.15500E-02 
9.46667E-02 8.40000E-02  1.24389E-04  8.41929E-02 
9.53333E-02 8.60000E-02  1.25108E-04  8.60585E-02 
9.60000E-02 8.80000E-02  1.25830E-04  8.83128E-02 
9.66667E-02 9.00000E-02  1.26322E-04  8.90901E-02 
9.73333E-02 9.20000E-02  1.26677E-04  9.17330E-02 
9.80000E-02 9.40000E-02  1.27284E-04  9.33654E-02 
9.86667E-02 9.60000E-02  1.28087E-04  9.56196E-02 
9.93333E-02 9.80000E-02  1.28616E-04  9.82625E-02 
1.00000E-01 1.00000E-01  1.29179E-04  9.97394E-02 
1.00667E-01 1.02000E-01  1.29802E-04  1.01916E-01 
1.01333E-01 1.04000E-01  1.30278E-04  1.03626E-01 
1.02000E-01 1.06000E-01  1.31121E-04  1.06269E-01 
1.02667E-01 1.08000E-01  1.31597E-04  1.07979E-01 
1.03333E-01 1.10000E-01  1.32332E-04  1.10156E-01 
1.04000E-01 1.12000E-01  1.32973E-04  1.11555E-01 
1.04667E-01 1.14000E-01  1.33312E-04  1.14198E-01 
1.05333E-01 1.16000E-01  1.34311E-04  1.15286E-01 
1.06000E-01 1.18000E-01  1.34822E-04  1.18240E-01 
1.06667E-01 1.20000E-01  1.35494E-04  1.20183E-01 
1.07333E-01 1.22000E-01  1.36166E-04  1.20883E-01 
1.08000E-01 1.24000E-01  1.36655E-04  1.22593E-01 
1.08667E-01 1.26000E-01  1.37203E-04  1.24614E-01 
1.09333E-01 1.28000E-01  1.37741E-04  1.28267E-01 
1.10000E-01 1.30000E-01  1.38526E-04  1.29822E-01 
1.10667E-01 1.32000E-01  1.39129E-04  1.32154E-01 
1.11333E-01 1.34000E-01  1.39213E-04  1.33164E-01 
1.12000E-01 1.36000E-01  1.40041E-04  1.35574E-01 
1.12667E-01 1.38000E-01  1.40742E-04  1.37906E-01 
1.13333E-01 1.40000E-01  1.41467E-04  1.40238E-01 
1.14000E-01 1.42000E-01  1.41806E-04  1.41326E-01 
1.14667E-01 1.44000E-01  1.42326E-04  1.43658E-01 
1.15333E-01 1.46000E-01  1.42696E-04  1.45524E-01 
1.16000E-01 1.48000E-01  1.43446E-04  1.46923E-01 
1.16667E-01 1.50000E-01  1.43957E-04  1.49566E-01 
1.17333E-01 1.52000E-01  1.44318E-04  1.51820E-01 
1.18000E-01 1.54000E-01  1.45030E-04  1.53142E-01 
1.18667E-01 1.56000E-01  1.45295E-04  1.56096E-01 
1.19333E-01 1.58000E-01  1.45631E-04  1.56873E-01 
1.20000E-01 1.60000E-01  1.46303E-04  1.59283E-01 
1.20667E-01 1.62000E-01  1.46689E-04  1.60837E-01 
1.21333E-01 1.64000E-01  1.46969E-04  1.64491E-01 
1.22000E-01 1.66000E-01  1.47551E-04  1.65346E-01 
1.22667E-01 1.68000E-01  1.48059E-04  1.67056E-01 
1.23333E-01 1.70000E-01  1.48557E-04  1.68611E-01 
1.24000E-01 1.72000E-01  1.48803E-04  1.72031E-01 
1.24667E-01 1.74000E-01  1.48803E-04  1.73819E-01 
1.25333E-01 1.76000E-01  1.49129E-04  1.75529E-01 
1.26000E-01 1.78000E-01  1.49543E-04  1.78483E-01 
1.26667E-01 1.80000E-01  1.49848E-04  1.79571E-01 
1.27333E-01 1.82000E-01  1.49979E-04  1.81126E-01 
1.28000E-01 1.84000E-01  1.50362E-04  1.83613E-01 
1.28667E-01 1.86000E-01  1.50409E-04  1.86178E-01 
1.29333E-01 1.88000E-01  1.50595E-04  1.87811E-01 
1.30000E-01 1.90000E-01  1.50710E-04  1.88977E-01 
1.30667E-01 1.92000E-01  1.50938E-04  1.92241E-01 
1.31333E-01 1.94000E-01  1.51168E-04  1.94107E-01 
1.32000E-01 1.96000E-01  1.51336E-04  1.96206E-01 
1.32667E-01 1.98000E-01  1.50997E-04  1.96905E-01 
1.33333E-01 2.00000E-01  1.51501E-04  2.00015E-01 
1.34000E-01 2.02000E-01  1.51482E-04  2.02036E-01 
1.34667E-01 2.04000E-01  1.51320E-04  2.04290E-01 
1.35333E-01 2.06000E-01  1.51317E-04  2.04989E-01 
1.36000E-01 2.08000E-01  1.51464E-04  2.07866E-01 
1.36667E-01 2.10000E-01  1.51408E-04  2.08876E-01 
1.37333E-01 2.12000E-01  1.51268E-04  2.11597E-01 
1.38000E-01 2.14000E-01  1.51261E-04  2.13540E-01 
1.38667E-01 2.16000E-01  1.51261E-04  2.16183E-01 
1.39333E-01 2.18000E-01  1.51283E-04  2.17582E-01 
1.40000E-01 2.20000E-01  1.51277E-04  2.19759E-01 
1.40667E-01 2.22000E-01  1.51090E-04  2.21624E-01 
1.41333E-01 2.24000E-01  1.50816E-04  2.23412E-01 
1.42000E-01 2.26000E-01  1.50807E-04  2.25044E-01 
1.42667E-01 2.28000E-01  1.50770E-04  2.26832E-01 
1.43333E-01 2.30000E-01  1.50343E-04  2.29009E-01 
1.44000E-01 2.32000E-01  1.50324E-04  2.31652E-01 
1.44667E-01 2.34000E-01  1.50047E-04  2.33440E-01 
1.45333E-01 2.36000E-01  1.49702E-04  2.35616E-01 
1.46000E-01 2.38000E-01  1.49599E-04  2.39036E-01 
1.46667E-01 2.40000E-01  1.49235E-04  2.38259E-01 
1.47333E-01 2.42000E-01  1.48893E-04  2.42068E-01 
1.48000E-01 2.44000E-01  1.48606E-04  2.42457E-01 
1.48667E-01 2.46000E-01  1.48308E-04  2.45566E-01 
1.49333E-01 2.48000E-01  1.48040E-04  2.47665E-01 
1.50000E-01 2.50000E-01  1.48031E-04  2.49997E-01 
1.50667E-01 2.52000E-01  1.47707E-04  2.52173E-01 
1.51333E-01 2.54000E-01  1.47113E-04  2.53572E-01 
1.52000E-01 2.56000E-01  1.46456E-04  2.54816E-01 
1.52667E-01 2.58000E-01  1.46210E-04  2.56759E-01 
1.53333E-01 2.60000E-01  1.46160E-04  2.58936E-01 
1.54000E-01 2.62000E-01  1.45724E-04  2.62278E-01 
1.54667E-01 2.64000E-01  1.45413E-04  2.64222E-01 
1.55333E-01 2.66000E-01  1.44981E-04  2.65310E-01 
1.56000E-01 2.68000E-01  1.44461E-04  2.67253E-01 
1.56667E-01 2.70000E-01  1.43863E-04  2.69974E-01 
1.57333E-01 2.72000E-01  1.43399E-04  2.71140E-01 
1.58000E-01 2.74000E-01  1.42961E-04  2.73627E-01 
1.58667E-01 2.76000E-01  1.42450E-04  2.75027E-01 
1.59333E-01 2.78000E-01  1.41949E-04  2.76659E-01 
1.60000E-01 2.80000E-01  1.41688E-04  2.79380E-01 
1.60667E-01 2.82000E-01  1.40910E-04  2.80546E-01 
1.61333E-01 2.84000E-01  1.40601E-04  2.84199E-01 
1.62000E-01 2.86000E-01  1.39904E-04  2.85209E-01 
1.62667E-01 2.88000E-01  1.39792E-04  2.87386E-01 
1.63333E-01 2.90000E-01  1.39042E-04  2.89718E-01 
1.64000E-01 2.92000E-01  1.38616E-04  2.91972E-01 
1.64667E-01 2.94000E-01  1.38102E-04  2.93138E-01 
1.65333E-01 2.96000E-01  1.37523E-04  2.95470E-01 
1.66000E-01 2.98000E-01  1.36888E-04  2.97180E-01 
1.66667E-01 3.00000E-01  1.36496E-04  2.99435E-01 
1.67333E-01 3.02000E-01  1.35899E-04  3.01456E-01 
1.68000E-01 3.04000E-01  1.35314E-04  3.02933E-01 
1.68667E-01 3.06000E-01  1.35002E-04  3.05420E-01 
1.69333E-01 3.08000E-01  1.34243E-04  3.07596E-01 
1.70000E-01 3.10000E-01  1.33608E-04  3.10162E-01 
1.70667E-01 3.12000E-01  1.32929E-04  3.11328E-01 
1.71333E-01 3.14000E-01  1.32565E-04  3.13971E-01 
1.72000E-01 3.16000E-01  1.32089E-04  3.14826E-01 
1.72667E-01 3.18000E-01  1.31224E-04  3.17779E-01 
1.73333E-01 3.20000E-01  1.30875E-04  3.19023E-01 
1.74000E-01 3.22000E-01  1.30138E-04  3.21899E-01 
1.74667E-01 3.24000E-01  1.29599E-04  3.23454E-01 
1.75333E-01 3.26000E-01  1.28821E-04  3.25630E-01 
1.76000E-01 3.28000E-01  1.28532E-04  3.27496E-01 
1.76667E-01 3.30000E-01  1.27754E-04  3.28817E-01 
1.77333E-01 3.32000E-01  1.27125E-04  3.30683E-01 
1.78000E-01 3.34000E-01  1.26443E-04  3.34259E-01 
1.78667E-01 3.36000E-01  1.26272E-04  3.35969E-01 
1.79333E-01 3.38000E-01  1.25323E-04  3.37757E-01 
1.80000E-01 3.40000E-01  1.25015E-04  3.39389E-01 
1.80667E-01 3.42000E-01  1.24417E-04  3.41877E-01 
1.81333E-01 3.44000E-01  1.23782E-04  3.43820E-01 
1.82000E-01 3.46000E-01  1.23309E-04  3.45685E-01 
1.82667E-01 3.48000E-01  1.22799E-04  3.47784E-01 
1.83333E-01 3.50000E-01  1.22030E-04  3.50272E-01 
1.84000E-01 3.52000E-01  1.21504E-04  3.51360E-01 
1.84667E-01 3.54000E-01  1.20944E-04  3.53925E-01 
1.85333E-01 3.56000E-01  1.20685E-04  3.55713E-01 
1.86000E-01 3.58000E-01  1.20016E-04  3.56568E-01 
1.86667E-01 3.60000E-01  1.19375E-04  3.57656E-01 
1.87333E-01 3.62000E-01  1.18659E-04  3.62709E-01 
1.88000E-01 3.64000E-01  1.18420E-04  3.63797E-01 
1.88667E-01 3.66000E-01  1.17947E-04  3.65663E-01 
1.89333E-01 3.68000E-01  1.17253E-04  3.67606E-01 
1.90000E-01 3.70000E-01  1.16540E-04  3.68694E-01 
1.90667E-01 3.72000E-01  1.16210E-04  3.71259E-01 
1.91333E-01 3.74000E-01  1.15771E-04  3.73281E-01 
1.92000E-01 3.76000E-01  1.15005E-04  3.76701E-01 
1.92667E-01 3.78000E-01  1.14414E-04  3.78100E-01 
1.93333E-01 3.80000E-01  1.13807E-04  3.79421E-01 
1.94000E-01 3.82000E-01  1.13325E-04  3.81054E-01 
1.94667E-01 3.84000E-01  1.13054E-04  3.83697E-01 
1.95333E-01 3.86000E-01  1.12466E-04  3.85873E-01 
1.96000E-01 3.88000E-01  1.11825E-04  3.88127E-01 
1.96667E-01 3.90000E-01  1.11401E-04  3.89760E-01 
1.97333E-01 3.92000E-01  1.11043E-04  3.90926E-01 
1.98000E-01 3.94000E-01  1.10430E-04  3.93180E-01 
1.98667E-01 3.96000E-01  1.09814E-04  3.96056E-01 
1.99333E-01 3.98000E-01  1.09431E-04  3.98310E-01 
2.00000E-01 4.00000E-01  1.09182E-04  3.98388E-01 
2.00667E-01 4.02000E-01  1.08597E-04  4.01497E-01 
2.01333E-01 4.04000E-01  1.07956E-04  4.04063E-01 
2.02000E-01 4.06000E-01  1.07875E-04  4.05540E-01 
2.02667E-01 4.08000E-01  1.07159E-04  4.06939E-01 
2.03333E-01 4.10000E-01  1.06888E-04  4.08727E-01 
2.04000E-01 4.12000E-01  1.06375E-04  4.11603E-01 
2.04667E-01 4.14000E-01  1.05942E-04  4.13468E-01 
2.05333E-01 4.16000E-01  1.05734E-04  4.14868E-01 
2.06000E-01 4.18000E-01  1.04984E-04  4.17744E-01 
2.06667E-01 4.20000E-01  1.04682E-04  4.19998E-01 
2.07333E-01 4.22000E-01  1.04573E-04  4.21319E-01 
2.08000E-01 4.24000E-01  1.04037E-04  4.22874E-01 
2.08667E-01 4.26000E-01  1.03440E-04  4.26216E-01 
2.09333E-01 4.28000E-01  1.03144E-04  4.27849E-01 
2.10000E-01 4.30000E-01  1.02556E-04  4.29714E-01 
2.10667E-01 4.32000E-01  1.02270E-04  4.31036E-01 
2.11333E-01 4.34000E-01  1.01881E-04  4.33057E-01 
2.12000E-01 4.36000E-01  1.01588E-04  4.34922E-01 
2.12667E-01 4.38000E-01  1.01358E-04  4.38032E-01 
2.13333E-01 4.40000E-01  1.01015E-04  4.39431E-01 
2.14000E-01 4.42000E-01  1.00383E-04  4.41141E-01 
2.14667E-01 4.44000E-01  1.00088E-04  4.43318E-01 
2.15333E-01 4.46000E-01  9.99135E-05  4.45494E-01 
2.16000E-01 4.48000E-01  9.95867E-05  4.48293E-01 
2.16667E-01 4.50000E-01  9.94996E-05  4.49692E-01 
2.17333E-01 4.52000E-01  9.89269E-05  4.51246E-01 
2.18000E-01 4.54000E-01  9.87806E-05  4.53578E-01 
2.18667E-01 4.56000E-01  9.83138E-05  4.55522E-01 
2.19333E-01 4.58000E-01  9.80866E-05  4.56843E-01 
2.20000E-01 4.60000E-01  9.76104E-05  4.60341E-01 
2.20667E-01 4.62000E-01  9.76695E-05  4.60963E-01 
2.21333E-01 4.64000E-01  9.70315E-05  4.63528E-01 
2.22000E-01 4.66000E-01  9.68354E-05  4.65238E-01 
2.22667E-01 4.68000E-01  9.65677E-05  4.66793E-01 
2.23333E-01 4.70000E-01  9.65024E-05  4.68969E-01 
2.24000E-01 4.72000E-01  9.59266E-05  4.71146E-01 
2.24667E-01 4.74000E-01  9.57274E-05  4.73711E-01 
2.25333E-01 4.76000E-01  9.55749E-05  4.75810E-01 
2.26000E-01 4.78000E-01  9.52761E-05  4.77831E-01 
2.26667E-01 4.80000E-01  9.51485E-05  4.79852E-01 
2.27333E-01 4.82000E-01  9.47812E-05  4.80707E-01 
2.28000E-01 4.84000E-01  9.47283E-05  4.84205E-01 
2.28667E-01 4.86000E-01  9.41525E-05  4.85682E-01 
2.29333E-01 4.88000E-01  9.41463E-05  4.87470E-01 
2.30000E-01 4.90000E-01  9.38537E-05  4.88869E-01 
2.30667E-01 4.92000E-01  9.39004E-05  4.91434E-01 
2.31333E-01 4.94000E-01  9.36172E-05  4.92211E-01 
2.32000E-01 4.96000E-01  9.32406E-05  4.95243E-01 
2.32667E-01 4.98000E-01  9.30663E-05  4.96720E-01 
2.33333E-01 5.00000E-01  9.31037E-05  5.00607E-01 
2.34000E-01 5.02000E-01  9.26119E-05  5.01073E-01 
2.34667E-01 5.04000E-01  9.26804E-05  5.02705E-01 
2.35333E-01 5.06000E-01  9.23567E-05  5.04571E-01 
2.36000E-01 5.08000E-01  9.22291E-05  5.06514E-01 
2.36667E-01 5.10000E-01  9.21108E-05  5.09157E-01 
2.37333E-01 5.12000E-01  9.18992E-05  5.11256E-01 
2.38000E-01 5.14000E-01  9.17903E-05  5.14210E-01 
2.38667E-01 5.16000E-01  9.15786E-05  5.15298E-01 
2.39333E-01 5.18000E-01  9.13856E-05  5.16930E-01 
2.40000E-01 5.20000E-01  9.11304E-05  5.19962E-01 
2.40667E-01 5.22000E-01  9.13794E-05  5.21361E-01 
2.41333E-01 5.24000E-01  9.09655E-05  5.23227E-01 
2.42000E-01 5.26000E-01  9.07974E-05  5.24704E-01 
2.42667E-01 5.28000E-01  9.07787E-05  5.27968E-01 
2.43333E-01 5.30000E-01  9.06324E-05  5.29523E-01 
2.44000E-01 5.32000E-01  9.06791E-05  5.31855E-01 
2.44667E-01 5.34000E-01  9.04893E-05  5.32555E-01 
2.45333E-01 5.36000E-01  9.02496E-05  5.34809E-01 
2.46000E-01 5.38000E-01  9.03928E-05  5.38307E-01 
2.46667E-01 5.40000E-01  9.02932E-05  5.39084E-01 
2.47333E-01 5.42000E-01  9.01407E-05  5.40639E-01 
2.48000E-01 5.44000E-01  9.03212E-05  5.43049E-01 
2.48667E-01 5.46000E-01  9.02123E-05  5.45303E-01 
2.49333E-01 5.48000E-01  9.00255E-05  5.47946E-01 
2.50000E-01 5.50000E-01  9.00847E-05  5.48723E-01 
2.50667E-01 5.52000E-01  8.98357E-05  5.51211E-01 
2.51333E-01 5.54000E-01  8.98170E-05  5.53542E-01 
2.52000E-01 5.56000E-01  8.95680E-05  5.55253E-01 
2.52667E-01 5.58000E-01  8.91976E-05  5.55952E-01 
2.53333E-01 5.60000E-01  8.96147E-05  5.59372E-01 
2.54000E-01 5.62000E-01  8.96427E-05  5.61782E-01 
2.54667E-01 5.64000E-01  8.94435E-05  5.62715E-01 
2.55333E-01 5.66000E-01  8.94746E-05  5.64503E-01 
2.56000E-01 5.68000E-01  8.93813E-05  5.67457E-01 
2.56667E-01 5.70000E-01  8.95338E-05  5.69322E-01 
2.57333E-01 5.72000E-01  8.94342E-05  5.72198E-01 
2.58000E-01 5.74000E-01  8.92443E-05  5.74219E-01 
2.58667E-01 5.76000E-01  8.93035E-05  5.74997E-01 
2.59333E-01 5.78000E-01  8.92101E-05  5.77795E-01 
2.60000E-01 5.80000E-01  8.93533E-05  5.79972E-01 
2.60667E-01 5.82000E-01  8.91323E-05  5.81604E-01 
2.61333E-01 5.84000E-01  8.94186E-05  5.84014E-01 
2.62000E-01 5.86000E-01  8.94248E-05  5.84946E-01 
2.62667E-01 5.88000E-01  8.94062E-05  5.88211E-01 
2.63333E-01 5.90000E-01  8.92443E-05  5.88833E-01 
2.64000E-01 5.92000E-01  8.94902E-05  5.91631E-01 
2.64667E-01 5.94000E-01  8.93688E-05  5.93108E-01 
2.65333E-01 5.96000E-01  8.94155E-05  5.95129E-01 
2.66000E-01 5.98000E-01  8.94964E-05  5.97306E-01 
2.66667E-01 6.00000E-01  8.96178E-05  5.99871E-01 
2.67333E-01 6.02000E-01  8.94529E-05  6.01270E-01 
2.68000E-01 6.04000E-01  8.97236E-05  6.03214E-01 
2.68667E-01 6.06000E-01  8.98295E-05  6.05312E-01 
2.69333E-01 6.08000E-01  8.98606E-05  6.06401E-01 
2.70000E-01 6.10000E-01  8.99104E-05  6.09665E-01 
2.70667E-01 6.12000E-01  9.00193E-05  6.10754E-01 
2.71333E-01 6.14000E-01  9.01998E-05  6.13785E-01 
2.72000E-01 6.16000E-01  9.00847E-05  6.15418E-01 
2.72667E-01 6.18000E-01  9.00816E-05  6.17516E-01 
2.73333E-01 6.20000E-01  9.05515E-05  6.19460E-01 
2.74000E-01 6.22000E-01  9.04021E-05  6.20703E-01 
2.74667E-01 6.24000E-01  9.05048E-05  6.23191E-01 
2.75333E-01 6.26000E-01  9.04955E-05  6.24668E-01 
2.76000E-01 6.28000E-01  9.07943E-05  6.26922E-01 
2.76667E-01 6.30000E-01  9.09592E-05  6.29954E-01 
2.77333E-01 6.32000E-01  9.10028E-05  6.30420E-01 
2.78000E-01 6.34000E-01  9.12300E-05  6.32985E-01 
2.78667E-01 6.36000E-01  9.12549E-05  6.34073E-01 
2.79333E-01 6.38000E-01  9.17840E-05  6.37571E-01 
2.80000E-01 6.40000E-01  9.19770E-05  6.39903E-01 
2.80667E-01 6.42000E-01  9.19459E-05  6.41225E-01 
2.81333E-01 6.44000E-01  9.22633E-05  6.43868E-01 
2.82000E-01 6.46000E-01  9.23100E-05  6.45811E-01 
2.82667E-01 6.48000E-01  9.26773E-05  6.47133E-01 
2.83333E-01 6.50000E-01  9.25870E-05  6.47910E-01 
2.84000E-01 6.52000E-01  9.27146E-05  6.50786E-01 
2.84667E-01 6.54000E-01  9.33184E-05  6.53273E-01 
2.85333E-01 6.56000E-01  9.33651E-05  6.55450E-01 
2.86000E-01 6.58000E-01  9.36795E-05  6.56927E-01 
2.86667E-01 6.60000E-01  9.38102E-05  6.59492E-01 
2.87333E-01 6.62000E-01  9.41183E-05  6.61591E-01 
2.88000E-01 6.64000E-01  9.43766E-05  6.63145E-01 
2.88667E-01 6.66000E-01  9.44762E-05  6.64700E-01 
2.89333E-01 6.68000E-01  9.49617E-05  6.67188E-01 
2.90000E-01 6.70000E-01  9.53197E-05  6.69131E-01 
2.90667E-01 6.72000E-01  9.53881E-05  6.71074E-01 
2.91333E-01 6.74000E-01  9.57523E-05  6.73717E-01 
2.92000E-01 6.76000E-01  9.62223E-05  6.75505E-01 
2.92667E-01 6.78000E-01  9.64401E-05  6.77215E-01 
2.93333E-01 6.80000E-01  9.69101E-05  6.79703E-01 
2.94000E-01 6.82000E-01  9.71871E-05  6.81102E-01 
2.94667E-01 6.84000E-01  9.76228E-05  6.82734E-01 
2.95333E-01 6.86000E-01  9.79714E-05  6.85299E-01 
2.96000E-01 6.88000E-01  9.82858E-05  6.88020E-01 
2.96667E-01 6.90000E-01  9.85783E-05  6.89341E-01 
2.97333E-01 6.92000E-01  9.90234E-05  6.90741E-01 
2.98000E-01 6.94000E-01  9.95338E-05  6.93150E-01 
2.98667E-01 6.96000E-01  9.99446E-05  6.94938E-01 
2.99333E-01 6.98000E-01  1.00436E-04  6.97814E-01 
3.00000E-01 7.00000E-01  1.00888E-04  6.99369E-01 
3.00667E-01 6.98000E-01  6.48216E-05  6.96804E-01 
3.01333E-01 6.96000E-01  4.31595E-05  6.95249E-01 
3.02000E-01 6.94000E-01  2.97608E-05  6.93306E-01 
3.02667E-01 6.92000E-01  2.04673E-05  6.92140E-01 
3.03333E-01 6.90000E-01  1.37975E-05  6.89108E-01 
3.04000E-01 6.88000E-01  8.59363E-06  6.87398E-01 
3.04667E-01 6.86000E-01  4.51021E-06  6.85299E-01 
3.05333E-01 6.84000E-01  9.43436E-07  6.83434E-01 
3.06000E-01 6.82000E-01  -1.94795E-06 6.81102E-01 
3.06667E-01 6.80000E-01  -4.43473E-06 6.79625E-01 
3.07333E-01 6.78000E-01  -6.73477E-06 6.78226E-01 
3.08000E-01 6.76000E-01  -8.56795E-06 6.75816E-01 
3.08667E-01 6.74000E-01  -1.04572E-05 6.73639E-01 
3.09333E-01 6.72000E-01  -1.18671E-05 6.71307E-01 
3.10000E-01 6.70000E-01  -1.34077E-05 6.68975E-01 
3.10667E-01 6.68000E-01  -1.48643E-05 6.67421E-01 
3.11333E-01 6.66000E-01  -1.59909E-05 6.65633E-01 
3.12000E-01 6.64000E-01  -1.68219E-05 6.63223E-01 
3.12667E-01 6.62000E-01  -1.77743E-05 6.62213E-01 
3.13333E-01 6.60000E-01  -1.89913E-05 6.59648E-01 
3.14000E-01 6.58000E-01  -1.98721E-05 6.58481E-01 
3.14667E-01 6.56000E-01  -2.03825E-05 6.54984E-01 
3.15333E-01 6.54000E-01  -2.12166E-05 6.53351E-01 
3.16000E-01 6.52000E-01  -2.21254E-05 6.51486E-01 
3.16667E-01 6.50000E-01  -2.26358E-05 6.49387E-01 
3.17333E-01 6.48000E-01  -2.31400E-05 6.46977E-01 
3.18000E-01 6.46000E-01  -2.37563E-05 6.45967E-01 
3.18667E-01 6.44000E-01  -2.43974E-05 6.43013E-01 
3.19333E-01 6.42000E-01  -2.48736E-05 6.41225E-01 
3.20000E-01 6.40000E-01  -2.52938E-05 6.39515E-01 
3.20667E-01 6.38000E-01  -2.60377E-05 6.36405E-01 
3.21333E-01 6.36000E-01  -2.63582E-05 6.35239E-01 
3.22000E-01 6.34000E-01  -2.66166E-05 6.33763E-01 
3.22667E-01 6.32000E-01  -2.69994E-05 6.31275E-01 
3.23333E-01 6.30000E-01  -2.73480E-05 6.29410E-01 
3.24000E-01 6.28000E-01  -2.76654E-05 6.26844E-01 
3.24667E-01 6.26000E-01  -2.79611E-05 6.25212E-01 
3.25333E-01 6.24000E-01  -2.83346E-05 6.23735E-01 
3.26000E-01 6.22000E-01  -2.87859E-05 6.21170E-01 
3.26667E-01 6.20000E-01  -2.90349E-05 6.19304E-01 
3.27333E-01 6.18000E-01  -2.95328E-05 6.17594E-01 
3.28000E-01 6.16000E-01  -2.95173E-05 6.15495E-01 
3.28667E-01 6.14000E-01  -2.96511E-05 6.13630E-01 
3.29333E-01 6.12000E-01  -2.99779E-05 6.11842E-01 
3.30000E-01 6.10000E-01  -3.03078E-05 6.08577E-01 
3.30667E-01 6.08000E-01  -3.05973E-05 6.07489E-01 
3.31333E-01 6.06000E-01  -3.08431E-05 6.06323E-01 
3.32000E-01 6.04000E-01  -3.11170E-05 6.02281E-01 
3.32667E-01 6.02000E-01  -3.16710E-05 6.01115E-01 
3.33333E-01 6.00000E-01  -3.14594E-05 5.98705E-01 
3.34000E-01 5.98000E-01  -3.17333E-05 5.96529E-01 
3.34667E-01 5.96000E-01  -3.23464E-05 5.95363E-01 
3.35333E-01 5.94000E-01  -3.22281E-05 5.93730E-01 
3.36000E-01 5.92000E-01  -3.22655E-05 5.91010E-01 
3.36667E-01 5.90000E-01  -3.27386E-05 5.89610E-01 
3.37333E-01 5.88000E-01  -3.26483E-05 5.87589E-01 
3.38000E-01 5.86000E-01  -3.30934E-05 5.86035E-01 
3.38667E-01 5.84000E-01  -3.31370E-05 5.82770E-01 
3.39333E-01 5.82000E-01  -3.35696E-05 5.81759E-01 
3.40000E-01 5.80000E-01  -3.34326E-05 5.78650E-01 
3.40667E-01 5.78000E-01  -3.38030E-05 5.76785E-01 
3.41333E-01 5.76000E-01  -3.41640E-05 5.76396E-01 
3.42000E-01 5.74000E-01  -3.43259E-05 5.73053E-01 
3.42667E-01 5.72000E-01  -3.44566E-05 5.71887E-01 
3.43333E-01 5.70000E-01  -3.46869E-05 5.69400E-01 
3.44000E-01 5.68000E-01  -3.46496E-05 5.67457E-01 
3.44667E-01 5.66000E-01  -3.49888E-05 5.65669E-01 
3.45333E-01 5.64000E-01  -3.50106E-05 5.63881E-01 
3.46000E-01 5.62000E-01  -3.51724E-05 5.61083E-01 
3.46667E-01 5.60000E-01  -3.54899E-05 5.59528E-01 
3.47333E-01 5.58000E-01  -3.57047E-05 5.56652E-01 
3.48000E-01 5.56000E-01  -3.58665E-05 5.55564E-01 
3.48667E-01 5.54000E-01  -3.57420E-05 5.53154E-01 
3.49333E-01 5.52000E-01  -3.59630E-05 5.51211E-01 
3.50000E-01 5.50000E-01  -3.62275E-05 5.48257E-01 
3.50667E-01 5.48000E-01  -3.66072E-05 5.47946E-01 
3.51333E-01 5.46000E-01  -3.65979E-05 5.44992E-01 
3.52000E-01 5.44000E-01  -3.68344E-05 5.43437E-01 
3.52667E-01 5.42000E-01  -3.68998E-05 5.41338E-01 
3.53333E-01 5.40000E-01  -3.71177E-05 5.40561E-01 
3.54000E-01 5.38000E-01  -3.72951E-05 5.37763E-01 
3.54667E-01 5.36000E-01  -3.77401E-05 5.34887E-01 
3.55333E-01 5.34000E-01  -3.77962E-05 5.33254E-01 
3.56000E-01 5.32000E-01  -3.77588E-05 5.31078E-01 
3.56667E-01 5.30000E-01  -3.80856E-05 5.28668E-01 
3.57333E-01 5.28000E-01  -3.83439E-05 5.26492E-01 
3.58000E-01 5.26000E-01  -3.86178E-05 5.25326E-01 
3.58667E-01 5.24000E-01  -3.85649E-05 5.22760E-01 
3.59333E-01 5.22000E-01  -3.86023E-05 5.21905E-01 
3.60000E-01 5.20000E-01  -3.91967E-05 5.19340E-01 
3.60667E-01 5.18000E-01  -3.92310E-05 5.17552E-01 
3.61333E-01 5.16000E-01  -3.92652E-05 5.15065E-01 
3.62000E-01 5.14000E-01  -3.94519E-05 5.13899E-01 
3.62667E-01 5.12000E-01  -3.96667E-05 5.11100E-01 
3.63333E-01 5.10000E-01  -3.98597E-05 5.09779E-01 
3.64000E-01 5.08000E-01  -4.01211E-05 5.07758E-01 
3.64667E-01 5.06000E-01  -4.02020E-05 5.05426E-01 
3.65333E-01 5.04000E-01  -4.04946E-05 5.03871E-01 
3.66000E-01 5.02000E-01  -4.07218E-05 5.02472E-01 
3.66667E-01 5.00000E-01  -4.08338E-05 4.98974E-01 
3.67333E-01 4.98000E-01  -4.13225E-05 4.98663E-01 
3.68000E-01 4.96000E-01  -4.12696E-05 4.95010E-01 
3.68667E-01 4.94000E-01  -4.15808E-05 4.93766E-01 
3.69333E-01 4.92000E-01  -4.18080E-05 4.90812E-01 
3.70000E-01 4.90000E-01  -4.19512E-05 4.89335E-01 
3.70667E-01 4.88000E-01  -4.21815E-05 4.87003E-01 
3.71333E-01 4.86000E-01  -4.23869E-05 4.85449E-01 
3.72000E-01 4.84000E-01  -4.25643E-05 4.82573E-01 
3.72667E-01 4.82000E-01  -4.32895E-05 4.81407E-01 
3.73333E-01 4.80000E-01  -4.33144E-05 4.79230E-01 
3.74000E-01 4.78000E-01  -4.33735E-05 4.78142E-01 
3.74667E-01 4.76000E-01  -4.37128E-05 4.75577E-01 
3.75333E-01 4.74000E-01  -4.39649E-05 4.72390E-01 
3.76000E-01 4.72000E-01  -4.39898E-05 4.71845E-01 
3.76667E-01 4.70000E-01  -4.40582E-05 4.70135E-01 
3.77333E-01 4.68000E-01  -4.46247E-05 4.68114E-01 
3.78000E-01 4.66000E-01  -4.46589E-05 4.65860E-01 
3.78667E-01 4.64000E-01  -4.48861E-05 4.63295E-01 
3.79333E-01 4.62000E-01  -4.51351E-05 4.61507E-01 
3.80000E-01 4.60000E-01  -4.56829E-05 4.59486E-01 
3.80667E-01 4.58000E-01  -4.55677E-05 4.57310E-01 
3.81333E-01 4.56000E-01  -4.60937E-05 4.55833E-01 
3.82000E-01 4.54000E-01  -4.61155E-05 4.53034E-01 
3.82667E-01 4.52000E-01  -4.66322E-05 4.51246E-01 
3.83333E-01 4.50000E-01  -4.66291E-05 4.49692E-01 
3.84000E-01 4.48000E-01  -4.69185E-05 4.47049E-01 
3.84667E-01 4.46000E-01  -4.72422E-05 4.44872E-01 
3.85333E-01 4.44000E-01  -4.76655E-05 4.42929E-01 
3.86000E-01 4.42000E-01  -4.79051E-05 4.41063E-01 
3.86667E-01 4.40000E-01  -4.79082E-05 4.39276E-01 
3.87333E-01 4.38000E-01  -4.83813E-05 4.37565E-01 
3.88000E-01 4.36000E-01  -4.87828E-05 4.34145E-01 
3.88667E-01 4.34000E-01  -4.88326E-05 4.33990E-01 
3.89333E-01 4.32000E-01  -4.94177E-05 4.32202E-01 
3.90000E-01 4.30000E-01  -4.96480E-05 4.29870E-01 
3.90667E-01 4.28000E-01  -4.99188E-05 4.27305E-01 
3.91333E-01 4.26000E-01  -5.01678E-05 4.25828E-01 
3.92000E-01 4.24000E-01  -5.05133E-05 4.22641E-01 
3.92667E-01 4.22000E-01  -5.07561E-05 4.22408E-01 
3.93333E-01 4.20000E-01  -5.13536E-05 4.18987E-01 
3.94000E-01 4.18000E-01  -5.16057E-05 4.17744E-01 
3.94667E-01 4.16000E-01  -5.18080E-05 4.16267E-01 
3.95333E-01 4.14000E-01  -5.23589E-05 4.12846E-01 
3.96000E-01 4.12000E-01  -5.25488E-05 4.11525E-01 
3.96667E-01 4.10000E-01  -5.28974E-05 4.09348E-01 
3.97333E-01 4.08000E-01  -5.32428E-05 4.06861E-01 
3.98000E-01 4.06000E-01  -5.34327E-05 4.05695E-01 
3.98667E-01 4.04000E-01  -5.41174E-05 4.04296E-01 
3.99333E-01 4.02000E-01  -5.43259E-05 4.01031E-01 
4.00000E-01 4.00000E-01  -5.46745E-05 3.99166E-01 
4.00667E-01 3.98000E-01  -5.51414E-05 3.97067E-01 
4.01333E-01 3.96000E-01  -5.54557E-05 3.95046E-01 
4.02000E-01 3.94000E-01  -5.58074E-05 3.93025E-01 
4.02667E-01 3.92000E-01  -5.60751E-05 3.90926E-01 
4.03333E-01 3.90000E-01  -5.67816E-05 3.89760E-01 
4.04000E-01 3.88000E-01  -5.73480E-05 3.87117E-01 
4.04667E-01 3.86000E-01  -5.75970E-05 3.85174E-01 
4.05333E-01 3.84000E-01  -5.78429E-05 3.83774E-01 
4.06000E-01 3.82000E-01  -5.82662E-05 3.80510E-01 
4.06667E-01 3.80000E-01  -5.87860E-05 3.79266E-01 
4.07333E-01 3.78000E-01  -5.91999E-05 3.78566E-01 
4.08000E-01 3.76000E-01  -5.95205E-05 3.75846E-01 
4.08667E-01 3.74000E-01  -5.99095E-05 3.74058E-01 
4.09333E-01 3.72000E-01  -6.04137E-05 3.71104E-01 
4.10000E-01 3.70000E-01  -6.10237E-05 3.69860E-01 
4.10667E-01 3.68000E-01  -6.14066E-05 3.66207E-01 
4.11333E-01 3.66000E-01  -6.17676E-05 3.65663E-01 
4.12000E-01 3.64000E-01  -6.24150E-05 3.64108E-01 
4.12667E-01 3.62000E-01  -6.31557E-05 3.61387E-01 
4.13333E-01 3.60000E-01  -6.34452E-05 3.59522E-01 
4.14000E-01 3.58000E-01  -6.38031E-05 3.58434E-01 
4.14667E-01 3.56000E-01  -6.43789E-05 3.55635E-01 
4.15333E-01 3.54000E-01  -6.49049E-05 3.53459E-01 
4.16000E-01 3.52000E-01  -6.54371E-05 3.50971E-01 
4.16667E-01 3.50000E-01  -6.58728E-05 3.48795E-01 
4.17333E-01 3.48000E-01  -6.63054E-05 3.48095E-01 
4.18000E-01 3.46000E-01  -6.68874E-05 3.45219E-01 
4.18667E-01 3.44000E-01  -6.75690E-05 3.43509E-01 
4.19333E-01 3.42000E-01  -6.81075E-05 3.40866E-01 
4.20000E-01 3.40000E-01  -6.85463E-05 3.39545E-01 
4.20667E-01 3.38000E-01  -6.94551E-05 3.37834E-01 
4.21333E-01 3.36000E-01  -6.98193E-05 3.35891E-01 
4.22000E-01 3.34000E-01  -7.04106E-05 3.33404E-01 
4.22667E-01 3.32000E-01  -7.06690E-05 3.31460E-01 
4.23333E-01 3.30000E-01  -7.15217E-05 3.28895E-01 
4.24000E-01 3.28000E-01  -7.19606E-05 3.26563E-01 
4.24667E-01 3.26000E-01  -7.26951E-05 3.25786E-01 
4.25333E-01 3.24000E-01  -7.32087E-05 3.23143E-01 
4.26000E-01 3.22000E-01  -7.37129E-05 3.20967E-01 
4.26667E-01 3.20000E-01  -7.44411E-05 3.19023E-01 
4.27333E-01 3.18000E-01  -7.52784E-05 3.17702E-01 
4.28000E-01 3.16000E-01  -7.56239E-05 3.15603E-01 
4.28667E-01 3.14000E-01  -7.65015E-05 3.13271E-01 
4.29333E-01 3.12000E-01  -7.72080E-05 3.11483E-01 
4.30000E-01 3.10000E-01  -7.77683E-05 3.09307E-01 
4.30667E-01 3.08000E-01  -7.84312E-05 3.07907E-01 
4.31333E-01 3.06000E-01  -7.88078E-05 3.05109E-01 
4.32000E-01 3.04000E-01  -7.98536E-05 3.03088E-01 
4.32667E-01 3.02000E-01  -8.05383E-05 3.00523E-01 
4.33333E-01 3.00000E-01  -8.10549E-05 2.98657E-01 
4.34000E-01 2.98000E-01  -8.20011E-05 2.97647E-01 
4.34667E-01 2.96000E-01  -8.24212E-05 2.96014E-01 
4.35333E-01 2.94000E-01  -8.34234E-05 2.93138E-01 
4.36000E-01 2.92000E-01  -8.42731E-05 2.91350E-01 
4.36667E-01 2.90000E-01  -8.51757E-05 2.90262E-01 
4.37333E-01 2.88000E-01  -8.54527E-05 2.87464E-01 
4.38000E-01 2.86000E-01  -8.63491E-05 2.86453E-01 
4.38667E-01 2.84000E-01  -8.68595E-05 2.83344E-01 
4.39333E-01 2.82000E-01  -8.74882E-05 2.82256E-01 
4.40000E-01 2.80000E-01  -8.82134E-05 2.80546E-01 
4.40667E-01 2.78000E-01  -8.92747E-05 2.78214E-01 
4.41333E-01 2.76000E-01  -8.97260E-05 2.75493E-01 
4.42000E-01 2.74000E-01  -9.06472E-05 2.73316E-01 
4.42667E-01 2.72000E-01  -9.13755E-05 2.71218E-01 
4.43333E-01 2.70000E-01  -9.20260E-05 2.69119E-01 
4.44000E-01 2.68000E-01  -9.29784E-05 2.68108E-01 
4.44667E-01 2.66000E-01  -9.36071E-05 2.64455E-01 
4.45333E-01 2.64000E-01  -9.44537E-05 2.63056E-01 
4.46000E-01 2.62000E-01  -9.52784E-05 2.61423E-01 
4.46667E-01 2.60000E-01  -9.59943E-05 2.59558E-01 
4.47333E-01 2.58000E-01  -9.69965E-05 2.57537E-01 
4.48000E-01 2.56000E-01  -9.75224E-05 2.56293E-01 
4.48667E-01 2.54000E-01  -9.83815E-05 2.54583E-01 
4.49333E-01 2.52000E-01  -9.91129E-05 2.51784E-01 
4.50000E-01 2.50000E-01  -9.99874E-05 2.49763E-01 
4.50667E-01 2.48000E-01  -1.00940E-04 2.47043E-01 
4.51333E-01 2.46000E-01  -1.01733E-04 2.44944E-01 
4.52000E-01 2.44000E-01  -1.02440E-04 2.43545E-01 
4.52667E-01 2.42000E-01  -1.03243E-04 2.41057E-01 
4.53333E-01 2.40000E-01  -1.03965E-04 2.39192E-01 
4.54000E-01 2.38000E-01  -1.04784E-04 2.38181E-01 
4.54667E-01 2.36000E-01  -1.05534E-04 2.34916E-01 
4.55333E-01 2.34000E-01  -1.06340E-04 2.33517E-01 
4.56000E-01 2.32000E-01  -1.07236E-04 2.31574E-01 
4.56667E-01 2.30000E-01  -1.07827E-04 2.28387E-01 
4.57333E-01 2.28000E-01  -1.08733E-04 2.27921E-01 
4.58000E-01 2.26000E-01  -1.09617E-04 2.26055E-01 
4.58667E-01 2.24000E-01  -1.10277E-04 2.24189E-01 
4.59333E-01 2.22000E-01  -1.10915E-04 2.21469E-01 
4.60000E-01 2.20000E-01  -1.11867E-04 2.18826E-01 
4.60667E-01 2.18000E-01  -1.12686E-04 2.17116E-01 
4.61333E-01 2.16000E-01  -1.13389E-04 2.16027E-01 
4.62000E-01 2.14000E-01  -1.14230E-04 2.13695E-01 
4.62667E-01 2.12000E-01  -1.14886E-04 2.11363E-01 
4.63333E-01 2.10000E-01  -1.15543E-04 2.09420E-01 
4.64000E-01 2.08000E-01  -1.16296E-04 2.08021E-01 
4.64667E-01 2.06000E-01  -1.17189E-04 2.05378E-01 
4.65333E-01 2.04000E-01  -1.17803E-04 2.03590E-01 
4.66000E-01 2.02000E-01  -1.18559E-04 2.01725E-01 
4.66667E-01 2.00000E-01  -1.19480E-04 1.99159E-01 
4.67333E-01 1.98000E-01  -1.20361E-04 1.98149E-01 
4.68000E-01 1.96000E-01  -1.20865E-04 1.95584E-01 
4.68667E-01 1.94000E-01  -1.21450E-04 1.93252E-01 
4.69333E-01 1.92000E-01  -1.22014E-04 1.91075E-01 
4.70000E-01 1.90000E-01  -1.22773E-04 1.89676E-01 
4.70667E-01 1.88000E-01  -1.23274E-04 1.87266E-01 
4.71333E-01 1.86000E-01  -1.24015E-04 1.85090E-01 
4.72000E-01 1.84000E-01  -1.24563E-04 1.83224E-01 
4.72667E-01 1.82000E-01  -1.25135E-04 1.81203E-01 
4.73333E-01 1.80000E-01  -1.25661E-04 1.80037E-01 
4.74000E-01 1.78000E-01  -1.26309E-04 1.76462E-01 
4.74667E-01 1.76000E-01  -1.26891E-04 1.75684E-01 
4.75333E-01 1.74000E-01  -1.27501E-04 1.73352E-01 
4.76000E-01 1.72000E-01  -1.27725E-04 1.71875E-01 
4.76667E-01 1.70000E-01  -1.28204E-04 1.69310E-01 
4.77333E-01 1.68000E-01  -1.28954E-04 1.68066E-01 
4.78000E-01 1.66000E-01  -1.29169E-04 1.65734E-01 
4.78667E-01 1.64000E-01  -1.29947E-04 1.63947E-01 
4.79333E-01 1.62000E-01  -1.29907E-04 1.61459E-01 
4.80000E-01 1.60000E-01  -1.30517E-04 1.59982E-01 
4.80667E-01 1.58000E-01  -1.30794E-04 1.57339E-01 
4.81333E-01 1.56000E-01  -1.31111E-04 1.55940E-01 
4.82000E-01 1.54000E-01  -1.31469E-04 1.53375E-01 
4.82667E-01 1.52000E-01  -1.31743E-04 1.51820E-01 
4.83333E-01 1.50000E-01  -1.32095E-04 1.49100E-01 
4.84000E-01 1.48000E-01  -1.32309E-04 1.47856E-01 
4.84667E-01 1.46000E-01  -1.32664E-04 1.45213E-01 
4.85333E-01 1.44000E-01  -1.32652E-04 1.43658E-01 
4.86000E-01 1.42000E-01  -1.32754E-04 1.41482E-01 
4.86667E-01 1.40000E-01  -1.32926E-04 1.39694E-01 
4.87333E-01 1.38000E-01  -1.33003E-04 1.37595E-01 
4.88000E-01 1.36000E-01  -1.33299E-04 1.35730E-01 
4.88667E-01 1.34000E-01  -1.33003E-04 1.33087E-01 
4.89333E-01 1.32000E-01  -1.33206E-04 1.30910E-01 
4.90000E-01 1.30000E-01  -1.33190E-04 1.30444E-01 
4.90667E-01 1.28000E-01  -1.33536E-04 1.27490E-01 
4.91333E-01 1.26000E-01  -1.33128E-04 1.25935E-01 
4.92000E-01 1.24000E-01  -1.33069E-04 1.23526E-01 
4.92667E-01 1.22000E-01  -1.33190E-04 1.21582E-01 
4.93333E-01 1.20000E-01  -1.33044E-04 1.19484E-01 
4.94000E-01 1.18000E-01  -1.33103E-04 1.16918E-01 
4.94667E-01 1.16000E-01  -1.32642E-04 1.15131E-01 
4.95333E-01 1.14000E-01  -1.32617E-04 1.14586E-01 
4.96000E-01 1.12000E-01  -1.32337E-04 1.11866E-01 
4.96667E-01 1.10000E-01  -1.31718E-04 1.08679E-01 
4.97333E-01 1.08000E-01  -1.31877E-04 1.07746E-01 
4.98000E-01 1.06000E-01  -1.31830E-04 1.05803E-01 
4.98667E-01 1.04000E-01  -1.31469E-04 1.03471E-01 
4.99333E-01 1.02000E-01  -1.31127E-04 1.01061E-01 
5.00000E-01 1.00000E-01  -1.30622E-04 9.99727E-02 
5.00667E-01 9.80000E-02  -1.30271E-04 9.77184E-02 
5.01333E-01 9.60000E-02  -1.29779E-04 9.54642E-02 
5.02000E-01 9.40000E-02  -1.29393E-04 9.31322E-02 
5.02667E-01 9.20000E-02  -1.29138E-04 9.17330E-02 
5.03333E-01 9.00000E-02  -1.28456E-04 8.94010E-02 
5.04000E-01 8.80000E-02  -1.28111E-04 8.85460E-02 
5.04667E-01 8.60000E-02  -1.27837E-04 8.60585E-02 
5.05333E-01 8.40000E-02  -1.27438E-04 8.34156E-02 
5.06000E-01 8.20000E-02  -1.26832E-04 8.13168E-02 
5.06667E-01 8.00000E-02  -1.26340E-04 7.96844E-02 
5.07333E-01 7.80000E-02  -1.25907E-04 7.78189E-02 
5.08000E-01 7.60000E-02  -1.25615E-04 7.55646E-02 
5.08667E-01 7.40000E-02  -1.25257E-04 7.44764E-02 
5.09333E-01 7.20000E-02  -1.24497E-04 7.16002E-02 
5.10000E-01 7.00000E-02  -1.24522E-04 6.95015E-02 
5.10667E-01 6.80000E-02  -1.23918E-04 6.70140E-02 
5.11333E-01 6.60000E-02  -1.23420E-04 6.55371E-02 
5.12000E-01 6.40000E-02  -1.22733E-04 6.40602E-02 
5.12667E-01 6.20000E-02  -1.22512E-04 6.21169E-02 
5.13333E-01 6.00000E-02  -1.22191E-04 5.97072E-02 
5.14000E-01 5.80000E-02  -1.21808E-04 5.79970E-02 
5.14667E-01 5.60000E-02  -1.21329E-04 5.60537E-02 
5.15333E-01 5.40000E-02  -1.20840E-04 5.44213E-02 
5.16000E-01 5.20000E-02  -1.20551E-04 5.24003E-02 
5.16667E-01 5.00000E-02  -1.20364E-04 4.96019E-02 
5.17333E-01 4.80000E-02  -1.19707E-04 4.84359E-02 
5.18000E-01 4.60000E-02  -1.19567E-04 4.56375E-02 
5.18667E-01 4.40000E-02  -1.19387E-04 4.36942E-02 
5.19333E-01 4.20000E-02  -1.18945E-04 4.04295E-02 
5.20000E-01 4.00000E-02  -1.18671E-04 3.97299E-02 
5.20667E-01 3.80000E-02  -1.18288E-04 3.77088E-02 
5.21333E-01 3.60000E-02  -1.18136E-04 3.56878E-02 
5.22000E-01 3.40000E-02  -1.17849E-04 3.39777E-02 
5.22667E-01 3.20000E-02  -1.17591E-04 3.16457E-02 
5.23333E-01 3.00000E-02  -1.17330E-04 3.00133E-02 
5.24000E-01 2.80000E-02  -1.17295E-04 2.73704E-02 
5.24667E-01 2.60000E-02  -1.17062E-04 2.56603E-02 
5.25333E-01 2.40000E-02  -1.16757E-04 2.46497E-02 
5.26000E-01 2.20000E-02  -1.17018E-04 2.13850E-02 
5.26667E-01 2.00000E-02  -1.16881E-04 2.00635E-02 
5.27333E-01 1.80000E-02  -1.16782E-04 1.81979E-02 
5.28000E-01 1.60000E-02  -1.16436E-04 1.62546E-02 
5.28667E-01 1.40000E-02  -1.16835E-04 1.29121E-02 
5.29333E-01 1.20000E-02  -1.16536E-04 1.19793E-02 
5.30000E-01 1.00000E-02  -1.16570E-04 9.25868E-03 
5.30667E-01 8.00001E-03  -1.16402E-04 8.48136E-03 
5.31333E-01 6.00001E-03  -1.16449E-04 5.91618E-03 
5.32000E-01 4.00001E-03  -1.16399E-04 4.12833E-03 
5.32667E-01 2.00001E-03  -1.16688E-04 1.71862E-03 
5.33333E-01 9.49949E-09  -1.16704E-04 2.41700E-04 
5.34000E-01 -1.99999E-03 -1.16477E-04 -2.16801E-03
5.34667E-01 -3.99999E-03 -1.16794E-04 -4.26679E-03
5.35333E-01 -5.99999E-03 -1.16828E-04 -5.82144E-03
5.36000E-01 -7.99999E-03 -1.16760E-04 -8.85302E-03
5.36667E-01 -9.99999E-03 -1.16934E-04 -1.07186E-02
5.37333E-01 -1.20000E-02 -1.16838E-04 -1.22733E-02
5.38000E-01 -1.40000E-02 -1.17168E-04 -1.40611E-02
5.38667E-01 -1.60000E-02 -1.17053E-04 -1.76368E-02
5.39333E-01 -1.80000E-02 -1.17186E-04 -1.73259E-02
5.40000E-01 -2.00000E-02 -1.17488E-04 -2.11348E-02
5.40667E-01 -2.20000E-02 -1.17541E-04 -2.21453E-02
5.41333E-01 -2.40000E-02 -1.17806E-04 -2.48659E-02
5.42000E-01 -2.60000E-02 -1.18139E-04 -2.57987E-02
5.42667E-01 -2.80000E-02 -1.18204E-04 -2.84416E-02
5.43333E-01 -3.00000E-02 -1.18378E-04 -3.03072E-02
5.44000E-01 -3.20000E-02 -1.18618E-04 -3.23283E-02
5.44667E-01 -3.40000E-02 -1.18683E-04 -3.41939E-02
5.45333E-01 -3.60000E-02 -1.18802E-04 -3.59817E-02
5.46000E-01 -3.80000E-02 -1.19088E-04 -3.82359E-02
5.46667E-01 -4.00000E-02 -1.19334E-04 -3.99461E-02
5.47333E-01 -4.20000E-02 -1.19437E-04 -4.22003E-02
5.48000E-01 -4.40000E-02 -1.19670E-04 -4.36772E-02
5.48667E-01 -4.60000E-02 -1.19795E-04 -4.50764E-02
5.49333E-01 -4.80000E-02 -1.20137E-04 -4.83412E-02
5.50000E-01 -5.00000E-02 -1.20078E-04 -5.07509E-02
5.50667E-01 -5.20000E-02 -1.20451E-04 -5.09841E-02
5.51333E-01 -5.40000E-02 -1.20940E-04 -5.44043E-02
5.52000E-01 -5.60000E-02 -1.20766E-04 -5.64254E-02
5.52667E-01 -5.80000E-02 -1.21064E-04 -5.79023E-02
5.53333E-01 -6.00000E-02 -1.21407E-04 -6.08561E-02
5.54000E-01 -6.20000E-02 -1.21528E-04 -6.28772E-02
5.54667E-01 -6.40000E-02 -1.21662E-04 -6.42764E-02
5.55333E-01 -6.60000E-02 -1.22067E-04 -6.66861E-02
5.56000E-01 -6.80000E-02 -1.22147E-04 -6.80853E-02
5.56667E-01 -7.00000E-02 -1.22508E-04 -7.01063E-02
5.57333E-01 -7.20000E-02 -1.22658E-04 -7.22051E-02
5.58000E-01 -7.40000E-02 -1.23022E-04 -7.42261E-02
5.58667E-01 -7.60000E-02 -1.22978E-04 -7.58585E-02
5.59333E-01 -7.80000E-02 -1.23343E-04 -7.81905E-02
5.60000E-01 -8.00000E-02 -1.23302E-04 -8.12221E-02
5.60667E-01 -8.20000E-02 -1.23937E-04 -8.19217E-02
5.61333E-01 -8.40000E-02 -1.23987E-04 -8.39427E-02
5.62000E-01 -8.60000E-02 -1.24491E-04 -8.75184E-02
5.62667E-01 -8.80000E-02 -1.24566E-04 -8.90731E-02
5.63333E-01 -9.00000E-02 -1.24619E-04 -9.02391E-02
5.64000E-01 -9.20000E-02 -1.24858E-04 -9.16383E-02
5.64667E-01 -9.40000E-02 -1.25114E-04 -9.46698E-02
5.65333E-01 -9.60000E-02 -1.25247E-04 -9.56026E-02
5.66000E-01 -9.80000E-02 -1.25431E-04 -9.84010E-02
5.66667E-01 -1.00000E-01 -1.25602E-04 -1.00733E-01
5.67333E-01 -1.02000E-01 -1.26016E-04 -1.02288E-01
5.68000E-01 -1.04000E-01 -1.26138E-04 -1.02832E-01
5.68667E-01 -1.06000E-01 -1.26611E-04 -1.06485E-01
5.69333E-01 -1.08000E-01 -1.26467E-04 -1.07651E-01
5.70000E-01 -1.10000E-01 -1.26875E-04 -1.09905E-01
5.70667E-01 -1.12000E-01 -1.26866E-04 -1.10838E-01
5.71333E-01 -1.14000E-01 -1.27205E-04 -1.14569E-01
5.72000E-01 -1.16000E-01 -1.27535E-04 -1.16824E-01
5.72667E-01 -1.18000E-01 -1.27821E-04 -1.17912E-01
5.73333E-01 -1.20000E-01 -1.28105E-04 -1.19544E-01
5.74000E-01 -1.22000E-01 -1.28101E-04 -1.22654E-01
5.74667E-01 -1.24000E-01 -1.28428E-04 -1.24519E-01
5.75333E-01 -1.26000E-01 -1.28954E-04 -1.26307E-01
5.76000E-01 -1.28000E-01 -1.29001E-04 -1.28484E-01
5.76667E-01 -1.30000E-01 -1.29079E-04 -1.30738E-01
5.77333E-01 -1.32000E-01 -1.29346E-04 -1.31282E-01
5.78000E-01 -1.34000E-01 -1.29704E-04 -1.33769E-01
5.78667E-01 -1.36000E-01 -1.29857E-04 -1.35713E-01
5.79333E-01 -1.38000E-01 -1.30065E-04 -1.38511E-01
5.80000E-01 -1.40000E-01 -1.30557E-04 -1.40998E-01
5.80667E-01 -1.42000E-01 -1.30585E-04 -1.42553E-01
5.81333E-01 -1.44000E-01 -1.30881E-04 -1.43797E-01
5.82000E-01 -1.46000E-01 -1.30741E-04 -1.46517E-01
5.82667E-01 -1.48000E-01 -1.31407E-04 -1.48461E-01
5.83333E-01 -1.50000E-01 -1.31550E-04 -1.50404E-01
5.84000E-01 -1.52000E-01 -1.31998E-04 -1.52192E-01
5.84667E-01 -1.54000E-01 -1.32091E-04 -1.54835E-01
5.85333E-01 -1.56000E-01 -1.32368E-04 -1.56312E-01
5.86000E-01 -1.58000E-01 -1.32645E-04 -1.57789E-01
5.86667E-01 -1.60000E-01 -1.32848E-04 -1.60198E-01
5.87333E-01 -1.62000E-01 -1.33271E-04 -1.62608E-01
5.88000E-01 -1.64000E-01 -1.33657E-04 -1.64629E-01
5.88667E-01 -1.66000E-01 -1.33442E-04 -1.64551E-01
5.89333E-01 -1.68000E-01 -1.34009E-04 -1.67350E-01
5.90000E-01 -1.70000E-01 -1.34102E-04 -1.71081E-01
5.90667E-01 -1.72000E-01 -1.34230E-04 -1.71858E-01
5.91333E-01 -1.74000E-01 -1.34606E-04 -1.74657E-01
5.92000E-01 -1.76000E-01 -1.35254E-04 -1.76833E-01
5.92667E-01 -1.78000E-01 -1.35375E-04 -1.78466E-01
5.93333E-01 -1.80000E-01 -1.35764E-04 -1.79787E-01
5.94000E-01 -1.82000E-01 -1.35711E-04 -1.81964E-01
5.94667E-01 -1.84000E-01 -1.35814E-04 -1.84529E-01
5.95333E-01 -1.86000E-01 -1.36250E-04 -1.86161E-01
5.96000E-01 -1.88000E-01 -1.36430E-04 -1.87560E-01
5.96667E-01 -1.90000E-01 -1.36763E-04 -1.89659E-01
5.97333E-01 -1.92000E-01 -1.37053E-04 -1.91836E-01
5.98000E-01 -1.94000E-01 -1.37046E-04 -1.93235E-01
5.98667E-01 -1.96000E-01 -1.37298E-04 -1.96500E-01
5.99333E-01 -1.98000E-01 -1.37613E-04 -1.98287E-01
